repository_name,site,views,unique_visitors/cloners
github-stats,github.com,1,1
github-stats,DuckDuckGo,1,1
proyek-html-tim-proa-golang,github.com,47,2
