repository_name,date,clones,unique_visitors/cloners
awang-karisma.github.io,2022-08-19,1,1
blog,2022-08-19,1,1
github-stats,2022-08-12,49,14
github-stats,2022-08-13,482,92
github-stats,2022-08-14,476,92
github-stats,2022-08-15,381,79
github-stats,2022-08-16,435,89
github-stats,2022-08-17,372,75
github-stats,2022-08-18,349,74
github-stats,2022-08-19,370,79
github-stats,2022-08-20,447,89
github-stats,2022-08-21,453,90
github-stats,2022-08-22,372,77
github-stats,2022-08-23,359,77
github-stats,2022-08-24,382,78
github-stats,2022-08-25,338,73
github-stats,2022-08-26,293,62
proyek-html-tim-proa-golang,2022-08-19,1,1
simpletask-backend,2022-08-19,1,1
simpletask-frontend,2022-08-19,1,1
